1514,631,0
4009,632,0
6449,578,0
6451,578,2
6452,578,1
6454,578,1
6456,578,1
6457,578,1
6459,578,1
6461,578,1
6472,578,2
6483,578,3
6496,578,4
6507,578,4
6518,578,4
6530,578,4
6541,578,4
6552,578,4
6564,578,4
6576,578,4
6587,578,4
6598,578,4
6609,578,4
6621,578,4
6633,578,4
6644,578,4
6656,578,4
6667,578,4
6678,578,4
6689,578,4
6702,578,4
6713,578,4
6724,578,4
6735,578,4
6747,578,4
6759,578,4
6770,578,4
6781,578,4
6793,578,4
6804,578,4
6815,578,4
6828,578,4
6839,578,4
6850,578,4
6861,578,4
6873,578,4
6884,578,4
6896,578,4
6907,578,4
6919,578,4
6930,578,4
6941,578,4
6952,578,4
6965,578,4
6976,578,4
6987,578,4
6999,578,4
7010,578,4
7021,578,4
7033,578,4
7045,578,4
7056,578,4
7067,578,4
7078,578,4
7091,578,4
7102,578,4
7113,578,4
7124,578,4
7136,578,4
7147,578,4
7159,578,4
7171,578,4
7182,578,4
7193,578,4
7204,578,4
7216,578,4
7228,578,4
7239,578,4
7250,578,4
7262,578,4
7273,578,4
7284,578,4
7297,578,4
7308,578,4
7319,578,4
7330,578,4
7342,578,4
7353,578,4
7365,578,4
7376,578,4
7388,578,4
7399,578,4
7410,578,4
7421,578,4
7434,578,4
7445,578,4
7456,578,4
7468,578,4
7479,578,4
7491,578,4
7502,578,4
7514,578,4
7525,578,4
7536,578,4
7547,578,4
7560,578,4
7571,578,4
7582,578,4
7593,578,4
7605,578,4
7616,578,4
7628,578,4
7640,578,4
7651,578,4
7662,578,4
7673,578,4
7685,578,4
7697,578,4
7708,578,4
7719,578,4
7731,578,4
7742,578,4
7753,578,4
7766,578,4
7777,578,4
7788,578,4
7799,578,4
7811,578,4
7823,578,4
7834,578,4
7845,578,4
7857,578,4
7868,578,4
7879,578,4
7891,578,4
7903,578,4
7914,578,4
7925,578,4
7937,578,4
7948,578,4
7960,578,4
7971,578,4
7983,578,4
7994,578,4
8005,578,4
8016,578,4
8029,578,4
8040,578,4
8051,578,4
8062,578,4
8074,578,4
8085,578,4
8097,578,4
8109,578,4
8120,578,4
8131,578,4
8142,578,4
8154,578,4
8166,578,4
8177,578,4
8188,578,4
8200,578,4
8211,578,4
8223,578,4
8235,578,4
8246,578,4
8257,578,4
8268,578,4
8280,578,4
8292,578,4
8303,578,4
8314,578,4
8326,578,4
8337,578,4
8348,578,4
8360,578,4
8372,578,4
8383,578,4
8394,578,4
8406,578,4
8417,578,4
8429,578,4
8440,578,4
8452,578,4
8463,578,4
8474,578,4
8485,578,4
8498,578,4
8509,578,4
8520,578,4
8531,578,4
8543,578,4
8555,578,4
8566,578,4
8578,578,4
8589,578,4
8600,578,4
8611,578,4
8624,578,4
8635,578,4
8646,578,4
8657,578,4
8669,578,4
8680,578,4
8692,578,4
8704,578,4
8715,578,4
8726,578,4
8737,578,4
8749,578,4
8761,578,4
8772,578,4
8783,578,4
8795,578,4
8806,578,4
8817,578,4
8829,578,4
8841,578,4
8852,578,4
8863,578,4
8875,578,4
8886,578,4
8898,578,4
8909,578,4
8921,578,4
8932,578,4
8943,578,4
8955,578,4
8967,578,4
8978,578,4
8989,578,4
9000,578,4
9012,578,4
9024,578,4
9035,578,4
9047,578,4
9058,578,4
9069,578,4
9080,578,4
9093,578,4
9104,578,4
9115,578,4
9126,578,4
9138,578,4
9149,578,4
9161,578,4
9172,578,4
9184,578,4
9195,578,4
9206,578,4
9218,578,4
9230,578,4
9241,578,4
9252,578,4
9264,578,4
9275,578,4
9287,578,4
9298,578,4
9310,578,4
9321,578,4
9332,578,4
9344,578,4
9356,578,4
9367,578,4
9378,578,4
9390,578,4
9401,578,4
9412,578,4
9424,578,4
9436,578,4
9447,578,4
9458,578,4
9469,578,4
9481,578,4
9493,578,4
9504,578,4
9516,578,4
9527,578,4
9538,578,4
9549,578,4
9562,578,4
9573,578,4
9584,578,4
9595,578,4
9607,578,4
9618,578,4
9630,578,4
9641,578,4
9653,578,4
9664,578,4
9675,578,4
9688,578,4
9699,578,4
9710,578,4
9721,578,4
9733,578,4
9744,578,4
9756,578,4
9767,578,4
9779,578,4
9790,578,4
9801,578,4
9812,578,4
9825,578,4
9836,578,4
9847,578,4
9859,578,4
9870,578,4
9881,578,4
9893,578,4
9905,578,4
9916,578,4
9927,578,4
9938,578,4
9950,578,4
9962,578,4
9973,578,4
9985,578,4
9996,578,4
10007,578,4
10020,578,4
10033,578,4
10045,578,4
10057,578,4
10070,578,4
10082,578,4
10095,578,4
10107,578,4
10120,578,4
10132,578,4
10144,578,4
10158,578,4
10170,578,4
10182,578,4
10194,578,4
10207,578,4
10220,578,4
10232,578,4
10245,578,4
10257,578,4
10269,578,4
10281,578,4
10295,578,4
10307,578,4
10319,578,4
10332,578,4
10344,578,4
10357,578,4
10370,578,4
10382,578,4
10394,578,4
10406,578,4
10420,578,4
10432,578,4
10444,578,4
10457,578,4
10469,578,4
10481,578,4
10494,578,4
10507,578,4
10519,578,4
10531,578,4
10544,578,4
10557,578,4
10569,578,4
10582,578,4
10594,578,4
10606,578,4
10619,578,4
10632,578,4
10644,578,4
10656,578,4
10669,578,4
10681,578,4
10694,578,4
10706,578,4
10719,578,4
10731,578,4
10743,578,4
10757,578,4
10769,578,4
10781,578,4
10793,578,4
10806,578,4
10819,578,4
10831,578,4
10844,578,4
10856,578,4
10868,578,4
10881,578,4
10894,578,4
10906,578,4
10918,578,4
10931,578,4
10943,578,4
10956,578,4
10969,578,4
10981,578,4
10993,578,4
11005,578,4
11019,578,4
11031,578,4
11043,578,4
11056,578,4
11068,578,4
11080,578,4
11094,578,4
11106,578,4
11118,578,4
11130,578,4
11143,578,4
11156,578,4
11168,578,4
11181,578,4
11193,578,4
11205,578,4
11218,578,4
11231,578,4
11243,578,4
11255,578,4
11268,578,4
11280,578,4
11293,578,4
11305,578,4
11318,578,4
11330,578,4
11342,578,4
11356,578,4
11368,578,4
11380,578,4
11393,578,4
11405,578,4
11418,578,4
11430,578,4
11443,578,4
11455,578,4
11467,578,4
11480,578,4
11493,578,4
11505,632,7496
11517,578,4
11530,578,4
11542,578,4
11555,578,4
11568,578,4
11580,578,4
11592,578,4
11604,578,4
11618,578,4
11630,578,4
11642,578,4
11655,578,4
11667,578,4
11679,578,4
11693,578,4
11705,578,4
11717,578,4
11729,578,4
11742,578,4
11755,578,4
11767,578,4
11780,578,4
11792,578,4
11804,578,4
11817,578,4
11830,578,4
11842,578,4
11854,578,4
11867,578,4
11879,578,4
11892,578,4
11905,578,4
11917,578,4
11929,578,4
11941,578,4
11955,578,4
11967,578,4
11979,578,4
11992,578,4
12004,578,4
12017,578,4
12029,578,4
12042,578,4
12054,578,4
12066,578,4
12079,578,4
12092,578,4
12104,578,4
12116,578,4
12129,578,4
12141,578,4
12154,578,4
12167,578,4
12179,578,4
12191,578,4
12204,578,4
12217,578,4
12229,578,4
12241,578,4
12254,578,4
12266,578,4
12278,578,4
12292,578,4
12304,578,4
12316,578,4
12328,578,4
12341,578,4
12354,578,4
12366,578,4
12379,578,4
12391,578,4
12403,578,4
12417,578,4
12429,578,4
12441,578,4
12453,578,4
12466,578,4
12478,578,4
12491,578,4
12504,578,4
12516,578,4
12528,578,4
12540,578,4
12554,578,4
12566,578,4
12578,578,4
12591,578,4
12603,578,4
12616,578,4
12628,578,4
12641,578,4
12653,578,4
12665,578,4
12678,578,4
12691,578,4
12703,578,4
12716,578,4
12728,578,4
12740,578,4
12753,578,4
12766,578,4
12778,578,4
12790,578,4
12803,578,4
12816,578,4
12828,578,4
12840,578,4
12853,578,4
12865,578,4
12877,578,4
12891,578,4
12903,578,4
12915,578,4
12928,578,4
12940,578,4
12953,578,4
12965,578,4
12978,578,4
12990,578,4
13002,578,4
13016,578,4
13028,578,4
13040,578,4
13052,578,4
13065,578,4
13077,578,4
13090,578,4
13103,578,4
13115,578,4
13127,578,4
13139,578,4
13153,578,4
13165,578,4
13177,578,4
13190,578,4
13202,578,4
13215,578,4
13228,578,4
13240,578,4
13252,578,4
13264,578,4
13277,578,4
13290,578,4
13302,578,4
13315,578,4
13327,578,4
13339,578,4
13352,578,4
13365,578,4
13377,578,4
13389,578,4
13402,578,4
13415,578,4
13427,578,4
13440,578,4
13452,578,4
13464,578,4
13476,578,4
13490,578,4
13502,578,4
13514,578,4
13527,578,4
13539,578,4
13552,578,4
13564,578,4
13577,578,4
13589,578,4
13601,578,4
13615,578,4
13627,578,4
13639,578,4
13651,578,4
13664,578,4
13676,578,4
13689,578,4
13702,578,4
13714,578,4
13726,578,4
13739,578,4
13752,578,4
13764,578,4
13776,578,4
13789,578,4
13801,578,4
13814,578,4
13827,578,4
13839,578,4
13851,578,4
13863,578,4
13876,578,4
13889,578,4
13901,578,4
13914,578,4
13926,578,4
13938,578,4
13952,578,4
13964,578,4
13976,578,4
13988,578,4
14001,578,4
14014,578,4
14026,578,4
14039,578,4
14051,578,4
14063,578,4
14075,578,4
14089,578,4
14101,578,4
14113,578,4
14126,578,4
14138,578,4
14151,578,4
14163,578,4
14176,578,4
14188,578,4
14200,578,4
14214,578,4
14226,578,4
14238,578,4
14251,578,4
14263,578,4
14275,578,4
14288,578,4
14301,578,4
14313,578,4
14325,578,4
14338,578,4
14351,578,4
14363,578,4
14375,578,4
14388,578,4
14400,578,4
14413,578,4
14426,578,4
14438,578,4
14450,578,4
14462,578,4
14475,578,4
14488,578,4
14500,578,4
14513,578,4
14525,578,4
14537,578,4
14551,578,4
14563,578,4
14575,578,4
14587,578,4
14600,578,4
14613,578,4
14625,578,4
14638,578,4
14650,578,4
14662,578,4
14674,578,4
14688,578,4
14700,578,4
14712,578,4
14725,578,4
14737,578,4
14750,578,4
14763,578,4
14775,578,4
14787,578,4
14799,578,4
14813,578,4
14825,578,4
14837,578,4
14850,578,4
14862,578,4
14874,578,4
14887,578,4
14900,578,4
14912,578,4
14924,578,4
14937,578,4
14950,578,4
14962,578,4
14974,578,4
14987,578,4
14999,578,4
15012,578,4
15025,578,4
15037,578,4
15049,578,4
15062,578,4
15074,578,4
15087,578,4
15099,578,4
15112,578,4
15124,578,4
15136,578,4
15150,578,4
15162,578,4
15174,578,4
15186,578,4
15199,578,4
15212,578,4
15224,578,4
15237,578,4
15249,578,4
15261,578,4
15273,578,4
15287,578,4
15299,578,4
15311,578,4
15324,578,4
15336,578,4
15349,578,4
15362,578,4
15374,578,4
15386,578,4
15398,578,4
15412,578,4
15424,578,4
15436,578,4
15449,578,4
15461,578,4
15473,578,4
15486,578,4
15499,578,4
15511,578,4
15523,578,4
15536,578,4
15549,578,4
15561,578,4
15574,578,4
15586,578,4
15598,578,4
15611,578,4
15624,578,4
15636,578,4
15648,578,4
15661,578,4
15673,578,4
15686,578,4
15698,578,4
15711,578,4
15723,578,4
15735,578,4
15749,578,4
15761,578,4
15773,578,4
15785,578,4
15798,578,4
15811,578,4
15823,578,4
15836,578,4
15848,578,4
15860,578,4
15873,578,4
15886,578,4
15898,578,4
15910,578,4
15923,578,4
15935,578,4
15948,578,4
15961,578,4
15973,578,4
15985,578,4
15997,578,4
16011,578,4
16023,578,4
16035,578,4
16048,578,4
16060,578,4
16072,578,4
16086,578,4
16098,578,4
16110,578,4
16122,578,4
16135,578,4
16148,578,4
16160,578,4
16173,578,4
16185,578,4
16197,578,4
16210,578,4
16223,578,4
16235,578,4
16247,578,4
16260,578,4
16272,578,4
16285,578,4
16297,578,4
16310,578,4
16322,578,4
16334,578,4
16348,578,4
16360,578,4
16372,578,4
16385,578,4
16397,578,4
16410,578,4
16422,578,4
16435,578,4
16447,578,4
16459,578,4
16472,578,4
16485,578,4
16497,578,4
16509,578,4
16522,578,4
16534,578,4
16547,578,4
16560,578,4
16572,578,4
16584,578,4
16596,578,4
16610,578,4
16622,578,4
16634,578,4
16647,578,4
16659,578,4
16671,578,4
16685,578,4
16697,578,4
16709,578,4
16721,578,4
16734,578,4
16747,578,4
16759,578,4
16772,578,4
16784,578,4
16796,578,4
16809,578,4
16822,578,4
16834,578,4
16846,578,4
16859,578,4
16871,578,4
16884,578,4
16897,578,4
16909,578,4
16921,578,4
16933,578,4
16947,578,4
16959,578,4
16971,578,4
16984,578,4
16996,578,4
17009,578,4
17021,578,4
17034,578,4
17046,578,4
17058,578,4
17071,578,4
17084,578,4
17096,578,4
17108,578,4
17121,578,4
17133,578,4
17146,578,4
17159,578,4
17171,578,4
17183,578,4
17196,578,4
17209,578,4
17221,578,4
17233,578,4
17246,578,4
17258,578,4
17270,578,4
17284,578,4
17296,578,4
17308,578,4
17320,578,4
17333,578,4
17346,578,4
17358,578,4
17371,578,4
17383,578,4
17395,578,4
17409,578,4
17421,578,4
17433,578,4
17445,578,4
17458,578,4
17470,578,4
17483,578,4
17496,578,4
17508,578,4
17520,578,4
17532,578,4
17546,578,4
17558,578,4
17570,578,4
17583,578,4
17595,578,4
17608,578,4
17620,578,4
17633,578,4
17645,578,4
17657,578,4
17670,578,4
17683,578,4
17695,578,4
17708,578,4
17720,578,4
17732,578,4
17745,578,4
17758,578,4
17770,578,4
17782,578,4
17795,578,4
17808,578,4
17820,578,4
17832,578,4
17845,578,4
17857,578,4
17869,578,4
17883,578,4
17895,578,4
17907,578,4
17920,578,4
17932,578,4
17945,578,4
17957,578,4
17970,578,4
17982,578,4
17994,578,4
18008,578,4
18020,578,4
18032,578,4
18044,578,4
18057,578,4
18069,578,4
18082,578,4
18095,578,4
18107,578,4
18119,578,4
18131,578,4
18145,578,4
18157,578,4
18169,578,4
18182,578,4
18194,578,4
18207,578,4
18220,578,4
18232,578,4
18244,578,4
18256,578,4
18269,578,4
18282,578,4
18294,578,4
18307,578,4
18319,578,4
18331,578,4
18344,578,4
18357,578,4
18369,578,4
18381,578,4
18394,578,4
18407,578,4
18419,578,4
18432,578,4
18444,578,4
18456,578,4
18468,578,4
18482,578,4
18494,578,4
18506,578,4
18519,578,4
18531,578,4
18544,578,4
18556,578,4
18569,578,4
18581,578,4
18593,578,4
18607,578,4
18619,578,4
18631,578,4
18643,578,4
18656,578,4
18668,578,4
18681,578,4
18694,578,4
18706,578,4
18718,578,4
18731,578,4
18744,578,4
18756,578,4
18768,578,4
18781,578,4
18793,578,4
18806,578,4
18819,578,4
18831,578,4
18843,578,4
18855,578,4
18868,578,4
18881,578,4
18893,578,4
18906,578,4
18918,578,4
18930,578,4
18944,578,4
18956,578,4
18968,578,4
18980,578,4
18993,578,4
19006,578,4
19018,578,4
19031,578,4
19043,578,4
19055,578,4
19067,578,4
19081,578,4
19093,578,4
19105,578,4
19118,578,4
19130,578,4
19143,578,4
19155,578,4
19168,578,4
19180,578,4
19192,578,4
19206,578,4
19218,578,4
19230,578,4
19243,578,4
19255,578,4
19267,578,4
19280,578,4
19293,578,4
19305,578,4
19317,578,4
19330,578,4
19343,578,4
19355,578,4
19367,578,4
19380,578,4
19392,578,4
19405,578,4
19418,578,4
19430,578,4
19442,578,4
19454,578,4
19467,578,4
19480,578,4
19492,578,4
19505,578,4
19517,578,4
19529,578,4
19543,578,4
19555,578,4
19567,578,4
19579,578,4
19592,578,4
19605,578,4
19617,578,4
19630,578,4
19642,578,4
19654,578,4
19666,578,4
19680,578,4
19692,578,4
19704,578,4
19717,578,4
19729,578,4
19742,578,4
19755,578,4
19767,578,4
19779,578,4
19791,578,4
19805,578,4
19817,578,4
19829,578,4
19842,578,4
19854,578,4
19866,578,4
19879,578,4
19892,578,4
19904,578,4
19916,578,4
19929,578,4
19942,578,4
19954,578,4
19966,578,4
19979,578,4
19991,578,4
20004,578,4
20017,578,4
20029,578,4
20041,578,4
20054,578,4
20066,578,4
20079,578,4
20091,578,4
20104,578,4
20116,578,4
20128,578,4
20142,578,4
20154,578,4
20166,578,4
20178,578,4
20191,578,4
20204,578,4
20216,578,4
20229,578,4
20241,578,4
20253,578,4
20265,578,4
20279,578,4
20291,578,4
20303,578,4
20316,578,4
20328,578,4
20341,578,4
20354,578,4
20366,578,4
20378,578,4
20390,578,4
20404,578,4
20416,578,4
20428,578,4
20441,578,4
20453,578,4
20465,578,4
20478,578,4
20491,578,4
20503,578,4
20515,578,4
20528,578,4
20541,578,4
20553,578,4
20566,578,4
20578,578,4
20590,578,4
20603,578,4
20616,578,4
20628,578,4
20640,578,4
20653,578,4
20665,578,4
20678,578,4
20690,578,4
20703,578,4
20715,578,4
20727,578,4
20741,578,4
20753,578,4
20765,578,4
20777,578,4
20790,578,4
20803,578,4
20815,578,4
20828,578,4
20840,578,4
20852,578,4
20865,578,4
20878,578,4
20890,578,4
20902,578,4
20915,578,4
20927,578,4
20940,578,4
20953,578,4
20965,578,4
20977,578,4
20989,578,4
21003,578,4
21015,578,4
21027,578,4
21040,578,4
21052,578,4
21064,578,4
21078,578,4
21090,578,4
21102,578,4
21114,578,4
21127,578,4
21140,578,4
21152,578,4
21165,578,4
21177,578,4
21189,578,4
21202,578,4
21215,578,4
21227,578,4
21239,578,4
21252,578,4
21264,578,4
21277,578,4
21289,578,4
21302,578,4
21314,578,4
21326,578,4
21340,578,4
21352,578,4
21364,578,4
21377,578,4
21389,578,4
21402,578,4
21414,578,4
21427,578,4
21439,578,4
21451,578,4
21464,578,4
21477,578,4
21489,578,4
21501,578,4
21514,578,4
21526,578,4
21539,578,4
21552,578,4
21564,578,4
21576,578,4
21588,578,4
21602,578,4
21614,578,4
21626,578,4
21639,578,4
21651,578,4
21663,578,4
21677,578,4
21689,578,4
21701,578,4
21713,578,4
21726,578,4
21739,578,4
21751,578,4
21764,578,4
21776,578,4
21788,578,4
21801,578,4
21814,578,4
21826,578,4
21838,578,4
21851,578,4
21863,578,4
21876,578,4
21889,578,4
21901,578,4
21913,578,4
21925,578,4
21939,578,4
21951,578,4
21963,578,4
21976,578,4
21988,578,4
22001,578,4
22013,578,4
22026,578,4
22038,578,4
22050,578,4
22063,578,4
22076,578,4
22088,578,4
22100,578,4
22113,578,4
22125,578,4
22138,578,4
22151,578,4
22163,578,4
22175,578,4
22188,578,4
22201,578,4
22213,578,4
22225,578,4
22238,578,4
22250,578,4
22262,578,4
22276,578,4
22288,578,4
22300,578,4
22312,578,4
22325,578,4
22338,578,4
22350,578,4
22363,578,4
22375,578,4
22387,578,4
22401,578,4
22413,578,4
22425,578,4
22437,578,4
22450,578,4
22462,578,4
22475,578,4
22488,578,4
22500,578,4
22512,578,4
22524,578,4
22538,578,4
22550,578,4
22562,578,4
22575,578,4
22587,578,4
22600,578,4
22612,578,4
22625,578,4
22637,578,4
22649,578,4
22662,578,4
22675,578,4
22687,578,4
22700,578,4
22712,578,4
22724,578,4
22737,578,4
22750,578,4
22762,578,4
22774,578,4
22787,578,4
22800,578,4
22812,578,4
22824,578,4
22837,578,4
22849,578,4
22861,578,4
22875,578,4
22887,578,4
22899,578,4
22912,578,4
22924,578,4
22937,578,4
22949,578,4
22962,578,4
22974,578,4
22986,578,4
23000,578,4
23012,578,4
23024,578,4
23036,578,4
23049,578,4
23061,578,4
23074,578,4
23087,578,4
23099,578,4
23111,578,4
23123,578,4
23137,578,4
23149,578,4
23161,578,4
23174,578,4
23186,578,4
23199,578,4
23212,578,4
23224,578,4
23236,578,4
23248,578,4
23261,578,4
23274,578,4
23286,578,4
23299,578,4
23311,578,4
23323,578,4
23336,578,4
23349,578,4
23361,578,4
23373,578,4
23386,578,4
23399,578,4
23411,578,4
23424,578,4
23436,578,4
23448,578,4
23460,578,4
23474,578,4
23486,578,4
23498,578,4
23511,578,4
23523,578,4
23536,578,4
23548,578,4
23561,578,4
23573,578,4
23585,578,4
23599,578,4
23611,578,4
23623,578,4
23635,578,4
23648,578,4
23660,578,4
23673,578,4
23686,578,4
23698,578,4
23710,578,4
23723,578,4
23736,578,4
23748,578,4
23760,578,4
23773,578,4
23785,578,4
23798,578,4
23811,578,4
23823,578,4
23835,578,4
23847,578,4
23860,578,4
23873,578,4
23885,578,4
23898,578,4
23910,578,4
23922,578,4
23936,578,4
23948,578,4
23960,578,4
23972,578,4
23985,578,4
23998,578,4
24010,578,4
24023,578,4
24035,578,4
24047,578,4
24059,578,4
24073,578,4
24085,578,4
24097,578,4
24110,578,4
24122,578,4
24135,578,4
24147,578,4
24160,578,4
24172,578,4
24184,578,4
24198,578,4
24210,578,4
24222,578,4
24235,578,4
24247,578,4
24259,578,4
24272,578,4
24285,578,4
24297,578,4
24309,578,4
24322,578,4
24335,578,4
24347,578,4
24359,578,4
24372,578,4
24384,578,4
24397,578,4
24410,578,4
24422,578,4
24434,578,4
24446,578,4
24459,578,4
24472,578,4
24484,578,4
24497,578,4
24509,578,4
24521,578,4
24535,578,4
24547,578,4
24559,578,4
24571,578,4
24584,578,4
24597,578,4
24609,578,4
24622,578,4
24634,578,4
24646,578,4
24658,578,4
24672,578,4
24684,578,4
24696,578,4
24709,578,4
24721,578,4
24734,578,4
24747,578,4
24759,578,4
24771,578,4
24783,578,4
24797,578,4
24809,578,4
24821,578,4
24834,578,4
24846,578,4
24858,578,4
24871,578,4
24884,578,4
24896,578,4
24908,578,4
24921,578,4
24934,578,4
24946,578,4
24958,578,4
24971,578,4
24983,578,4
24996,578,4
25009,578,4
25021,578,4
25033,578,4
25046,578,4
25058,578,4
25071,578,4
25083,578,4
25096,578,4
25108,578,4
25120,578,4
25134,578,4
25146,578,4
25158,578,4
25170,578,4
25183,578,4
25196,578,4
25208,578,4
25221,578,4
25233,578,4
25245,578,4
25257,578,4
25271,578,4
25283,578,4
25295,578,4
25308,578,4
25320,578,4
25333,578,4
25346,578,4
25358,578,4
25370,578,4
25382,578,4
25396,578,4
25408,578,4
25420,578,4
25433,578,4
25445,578,4
25457,578,4
25470,578,4
25483,578,4
25495,578,4
25507,578,4
25520,578,4
25533,578,4
25545,578,4
25558,578,4
25570,578,4
25582,578,4
25595,578,4
25608,578,4
25620,578,4
25632,578,4
25645,578,4
25657,578,4
25670,578,4
25682,578,4
25695,578,4
25707,578,4
25719,578,4
25733,578,4
25745,578,4
25757,578,4
25769,578,4
25782,578,4
25795,578,4
25807,578,4
25820,578,4
25832,578,4
25844,578,4
25857,578,4
25870,578,4
25882,578,4
25894,578,4
25907,578,4
25919,578,4
25932,578,4
25945,578,4
25957,578,4
25969,578,4
25981,578,4
25995,578,4
26007,578,4
26019,578,4
26032,578,4
26044,578,4
26056,578,4
26070,578,4
26082,578,4
26094,578,4
26106,578,4
26119,578,4
26132,578,4
26144,578,4
26157,578,4
26169,578,4
26181,578,4
26194,578,4
26207,578,4
26219,578,4
26231,578,4
26244,578,4
26256,578,4
26269,578,4
26281,578,4
26294,578,4
26306,578,4
26318,578,4
26332,578,4
26344,578,4
26356,578,4
26369,578,4
26381,578,4
26394,578,4
26406,578,4
26419,578,4
26431,578,4
26443,578,4
26456,578,4
26469,578,4
26481,578,4
26493,578,4
26506,578,4
26518,578,4
26531,578,4
26544,578,4
26556,578,4
26568,578,4
26580,578,4
26594,578,4
26606,578,4
26618,578,4
26631,578,4
26643,578,4
26655,578,4
26669,578,4
26681,578,4
26693,578,4
26705,578,4
26718,578,4
26731,578,4
26743,578,4
26756,578,4
26768,578,4
26780,578,4
26793,578,4
26806,578,4
26818,578,4
26830,578,4
26843,578,4
26855,578,4
26868,578,4
26881,578,4
26893,578,4
26905,578,4
26917,578,4
26931,578,4
26943,578,4
26955,578,4
26968,578,4
26980,578,4
26993,578,4
27005,578,4
27018,578,4
27030,578,4
27042,578,4
27055,578,4
27068,578,4
27080,578,4
27092,578,4
27105,578,4
27117,578,4
27130,578,4
27143,578,4
27155,578,4
27167,578,4
27180,578,4
27193,578,4
27205,578,4
27217,578,4
27230,578,4
27242,578,4
27254,578,4
27268,578,4
27280,578,4
27292,578,4
27304,578,4
27317,578,4
27330,578,4
27342,578,4
27355,578,4
27367,578,4
27379,578,4
27393,578,4
27405,578,4
27417,578,4
27429,578,4
27442,578,4
27454,578,4
27467,578,4
27480,578,4
27492,578,4
27504,578,4
27516,578,4
27530,578,4
27542,578,4
27554,578,4
27567,578,4
27579,578,4
27592,578,4
27604,578,4
27617,578,4
27629,578,4
27641,578,4
27654,578,4
27667,578,4
27679,578,4
27692,578,4
27704,578,4
27716,578,4
27729,578,4
27742,578,4
27754,578,4
27766,578,4
27779,578,4
27792,578,4
27804,578,4
27816,578,4
27829,578,4
27841,578,4
27853,578,4
27867,578,4
27879,578,4
27891,578,4
27904,578,4
27916,578,4
27929,578,4
27941,578,4
27954,578,4
27966,578,4
27978,578,4
27992,578,4
28004,578,4
28016,578,4
28028,578,4
28041,578,4
28053,578,4
28066,578,4
28079,578,4
28091,578,4
28103,578,4
28115,578,4
28129,578,4
28141,578,4
28153,578,4
28166,578,4
28178,578,4
28191,578,4
28204,578,4
28216,578,4
28228,578,4
28240,578,4
28253,578,4
28266,578,4
28278,578,4
28291,578,4
28303,578,4
28315,578,4
28328,578,4
28341,578,4
28353,578,4
28365,578,4
28378,578,4
28391,578,4
28403,578,4
28416,578,4
28428,578,4
28440,578,4
28452,578,4
28466,578,4
28478,578,4
28490,578,4
28503,578,4
28515,578,4
28528,578,4
28540,578,4
28553,578,4
28565,578,4
28577,578,4
28591,578,4
28603,578,4
28615,578,4
28627,578,4
28640,578,4
28652,578,4
28665,578,4
28678,578,4
28690,578,4
28702,578,4
28715,578,4
28728,578,4
28740,578,4
28752,578,4
28765,578,4
28777,578,4
28790,578,4
28803,578,4
28815,578,4
28827,578,4
28839,578,4
28852,578,4
28865,578,4
28877,578,4
28890,578,4
28902,578,4
28914,578,4
28928,578,4
28940,578,4
28952,578,4
28964,578,4
28977,578,4
28990,578,4
29002,578,4
29015,578,4
29027,578,4
29039,578,4
29051,578,4
29065,578,4
29077,578,4
29089,578,4
29102,578,4
29114,578,4
29127,578,4
29139,578,4
29152,578,4
29164,578,4
29176,578,4
29190,578,4
29202,578,4
29214,578,4
29227,578,4
29239,578,4
29251,578,4
29264,578,4
29277,578,4
29289,578,4
29301,578,4
29314,578,4
29327,578,4
29339,578,4
29351,578,4
29364,578,4
29376,578,4
29389,578,4
29402,578,4
29414,578,4
29426,578,4
29438,578,4
29451,578,4
29464,578,4
29476,578,4
29489,578,4
29501,578,4
29513,578,4
29527,578,4
29539,578,4
29551,578,4
29563,578,4
29576,578,4
29589,578,4
29601,578,4
29614,578,4
29626,578,4
29638,578,4
29650,578,4
29664,578,4
29676,578,4
29688,578,4
29701,578,4
29713,578,4
29726,578,4
29739,578,4
29751,578,4
29763,578,4
29775,578,4
29789,578,4
29801,578,4
29813,578,4
29826,578,4
29838,578,4
29850,578,4
29863,578,4
29876,578,4
29888,578,4
29900,578,4
29913,578,4
29926,578,4
29938,578,4
29950,578,4
29963,578,4
29975,578,4
29988,578,4
30001,578,4
30013,578,4
30025,578,4
30038,578,4
30050,578,4
30063,578,4
30075,578,4
30088,578,4
30100,578,4
30112,578,4
30126,578,4
30138,578,4
30150,578,4
30162,578,4
30175,578,4
30188,578,4
30200,578,4
30213,578,4
30225,578,4
30237,578,4
30249,578,4
30263,578,4
30275,578,4
30287,578,4
30300,578,4
30312,578,4
30325,578,4
30338,578,4
30350,578,4
30362,578,4
30374,578,4
30388,578,4
30400,578,4
30412,578,4
30425,578,4
30437,578,4
30449,578,4
30462,578,4
30475,578,4
30487,578,4
30499,578,4
30512,578,4
30525,578,4
30537,578,4
30550,578,4
30562,578,4
30574,578,4
30587,578,4
30600,578,4
30612,578,4
30624,578,4
30637,578,4
30649,578,4
30662,578,4
30674,578,4
30687,578,4
30699,578,4
30711,578,4
30725,578,4
30737,578,4
30749,578,4
30761,578,4
30774,578,4
30787,578,4
30799,578,4
30812,578,4
30824,578,4
30836,578,4
30849,578,4
30862,578,4
30874,578,4
30886,578,4
30899,578,4
30911,578,4
30924,578,4
30937,578,4
30949,578,4
30961,578,4
30973,578,4
30987,578,4
30999,578,4
31011,578,4
31024,578,4
31036,578,4
31048,578,4
31062,578,4
31074,578,4
31086,578,4
31098,578,4
31111,578,4
31124,578,4
31136,578,4
31149,578,4
31161,578,4
31173,578,4
31186,578,4
31199,578,4
31211,578,4
31223,578,4
31236,578,4
31248,578,4
31261,578,4
31273,578,4
31286,578,4
31298,578,4
31310,578,4
31324,578,4
31336,578,4
31348,578,4
31361,578,4
31373,578,4
31386,578,4
31398,578,4
31411,578,4
31423,578,4
31435,578,4
31448,578,4
31461,631,29947
31473,578,4
31485,578,4
31498,578,4
31510,578,4
31523,578,4
31536,578,4
31548,578,4
31560,578,4
31572,578,4
31586,578,4
31598,578,4
31610,578,4
31623,578,4
31635,578,4
31647,578,4
31661,578,4
31673,578,4
31685,578,4
31697,578,4
31710,578,4
31723,578,4
31735,578,4
31748,578,4
31760,578,4
31772,578,4
31785,578,4
31798,578,4
31810,578,4
31822,578,4
31835,578,4
31847,578,4
31860,578,4
31873,578,4
31885,578,4
31897,578,4
31909,578,4
31923,578,4
31935,578,4
31947,578,4
31960,578,4
31972,578,4
31985,578,4
31997,578,4
32010,578,4
32022,578,4
32034,578,4
32047,578,4
32060,578,4
32072,578,4
32084,578,4
32097,578,4
32109,578,4
32122,578,4
32135,578,4
32147,578,4
32159,578,4
32172,578,4
32185,578,4
32197,578,4
32209,578,4
32222,578,4
32234,578,4
32246,578,4
32260,578,4
32272,578,4
32284,578,4
32296,578,4
32309,578,4
32322,578,4
32334,578,4
32347,578,4
32359,578,4
32371,578,4
32385,578,4
32397,578,4
32409,578,4
32421,578,4
32434,578,4
32446,578,4
32459,578,4
32472,578,4
32484,578,4
32496,578,4
32508,578,4
32522,578,4
32534,578,4
32546,578,4
32559,578,4
32571,578,4
32584,578,4
32596,578,4
32609,578,4
32621,578,4
32633,578,4
32646,578,4
32659,578,4
32671,578,4
32684,578,4
32696,578,4
32708,578,4
32721,578,4
32734,578,4
32746,578,4
32758,578,4
32771,578,4
32784,578,4
32796,578,4
32808,578,4
32821,578,4
32833,578,4
32845,578,4
32859,578,4
32871,578,4
32883,578,4
32896,578,4
32908,578,4
32921,578,4
32933,578,4
32946,578,4
32958,578,4
32970,578,4
32984,578,4
32996,578,4
33008,578,4
33020,578,4
33033,578,4
33045,578,4
33058,578,4
33071,578,4
33083,578,4
33095,578,4
33107,578,4
33121,578,4
33133,578,4
33145,578,4
33158,578,4
33170,578,4
33183,578,4
33196,578,4
33208,578,4
33220,578,4
33232,578,4
33245,578,4
33258,578,4
33270,578,4
33283,578,4
33295,578,4
33307,578,4
33320,578,4
33333,578,4
33345,578,4
33357,578,4
33370,578,4
33383,578,4
33395,578,4
33408,578,4
33420,578,4
33432,578,4
33444,578,4
33458,578,4
33470,578,4
33482,578,4
33495,578,4
33507,578,4
33520,578,4
33532,578,4
33545,578,4
33557,578,4
33569,578,4
33583,578,4
33595,578,4
33607,578,4
33619,578,4
33632,578,4
33644,578,4
33657,578,4
33670,578,4
33682,578,4
33694,578,4
33707,578,4
33720,578,4
33732,578,4
33744,578,4
33757,578,4
33769,578,4
33782,578,4
33795,578,4
33807,578,4
33819,578,4
33831,578,4
33844,578,4
33857,578,4
33869,578,4
33882,578,4
33894,578,4
33906,578,4
33920,578,4
33932,578,4
33944,578,4
33956,578,4
33969,578,4
33982,578,4
33994,578,4
34007,578,4
34019,578,4
34031,578,4
34043,578,4
34057,578,4
34069,578,4
34081,578,4
34094,578,4
34106,578,4
34119,578,4
34131,578,4
34144,578,4
34156,578,4
34168,578,4
34182,578,4
34194,578,4
34206,578,4
34219,578,4
34231,578,4
34243,578,4
34256,578,4
34269,578,4
34281,578,4
34293,578,4
34306,578,4
34319,578,4
34331,578,4
34343,578,4
34356,578,4
34368,578,4
34381,578,4
34394,578,4
34406,578,4
34418,578,4
34430,578,4
34443,578,4
34456,578,4
34468,578,4
34481,578,4
34493,578,4
34505,578,4
34519,578,4
34531,578,4
34543,578,4
34555,578,4
34568,578,4
34581,578,4
34593,578,4
34606,578,4
34618,578,4
34630,578,4
34642,578,4
34656,578,4
34668,578,4
34680,578,4
34693,578,4
34705,578,4
34718,578,4
34731,578,4
34743,578,4
34755,578,4
34767,578,4
34781,578,4
34793,578,4
34805,578,4
34818,578,4
34830,578,4
34842,578,4
34855,578,4
34868,578,4
34880,578,4
34892,578,4
34905,578,4
34918,578,4
34930,578,4
34942,578,4
34955,578,4
34967,578,4
34980,578,4
34993,578,4
35005,578,4
35017,578,4
35030,578,4
35042,578,4
35055,578,4
35067,578,4
35080,578,4
35092,578,4
35104,578,4
35118,578,4
35130,578,4
35142,578,4
35154,578,4
35167,578,4
35180,578,4
35192,578,4
35205,578,4
35217,578,4
35229,578,4
35241,578,4
35255,578,4
35267,578,4
35279,578,4
35292,578,4
35304,578,4
35317,578,4
35330,578,4
35342,578,4
35354,578,4
35366,578,4
35380,578,4
35392,578,4
35404,578,4
35417,578,4
35429,578,4
35441,578,4
35454,578,4
35467,578,4
35479,578,4
35491,578,4
35504,578,4
35517,578,4
35529,578,4
35542,578,4
35554,578,4
35566,578,4
35579,578,4
35592,578,4
35604,578,4
35616,578,4
35629,578,4
35641,578,4
35654,578,4
35666,578,4
35679,578,4
35691,578,4
35703,578,4
35717,578,4
35729,578,4
35741,578,4
35753,578,4
35766,578,4
35779,578,4
35791,578,4
35804,578,4
35816,578,4
35828,578,4
35841,578,4
35854,578,4
35866,578,4
35878,578,4
35891,578,4
35903,578,4
35916,578,4
35929,578,4
35941,578,4
35953,578,4
35965,578,4
35979,578,4
35991,578,4
36003,578,4
36016,578,4
36028,578,4
36040,578,4
36054,578,4
36066,578,4
36078,578,4
36090,578,4
36103,578,4
36116,578,4
36128,578,4
36141,578,4
36153,578,4
36165,578,4
36178,578,4
36191,578,4
36203,578,4
36215,578,4
36228,578,4
36240,578,4
36253,578,4
36265,578,4
36278,578,4
36290,578,4
36302,578,4
36316,578,4
36328,578,4
36340,578,4
36353,578,4
36365,578,4
36378,578,4
36390,578,4
36403,578,4
36415,578,4
36427,578,4
36440,578,4
36453,578,4
36465,578,4
36477,578,4
36490,578,4
36502,578,4
36515,578,4
36528,578,4
36540,578,4
36552,578,4
36564,578,4
36578,578,4
36590,578,4
36602,578,4
36615,578,4
36627,578,4
36639,578,4
36653,578,4
36665,578,4
36677,578,4
36689,578,4
36702,578,4
36715,578,4
36727,578,4
36740,578,4
36752,578,4
36764,578,4
36777,578,4
36790,578,4
36802,578,4
36814,578,4
36827,578,4
36839,578,4
36852,578,4
36865,578,4
36877,578,4
36889,578,4
36901,578,4
36915,578,4
36927,578,4
36939,578,4
36952,578,4
36964,578,4
36977,578,4
36989,578,4
37002,578,4
37014,578,4
37026,578,4
37039,578,4
37052,578,4
37064,578,4
37076,578,4
37089,578,4
37101,578,4
37114,578,4
37127,578,4
37139,578,4
37151,578,4
37164,578,4
37177,578,4
37189,578,4
37201,578,4
37214,578,4
37226,578,4
37238,578,4
37252,578,4
37264,578,4
37276,578,4
37288,578,4
37301,578,4
37314,578,4
37326,578,4
37339,578,4
37351,578,4
37363,578,4
37377,578,4
37389,578,4
37401,578,4
37413,578,4
37426,578,4
37438,578,4
37451,578,4
37464,578,4
37476,578,4
37488,578,4
37500,578,4
37514,578,4
37526,578,4
37538,578,4
37551,578,4
37563,578,4
37576,578,4
37588,578,4
37601,578,4
37613,578,4
37625,578,4
37638,578,4
37651,578,4
37663,578,4
37676,578,4
37688,578,4
37700,578,4
37713,578,4
37726,578,4
37738,578,4
37750,578,4
37763,578,4
37776,578,4
37788,578,4
37800,578,4
37813,578,4
37825,578,4
37837,578,4
37851,578,4
37863,578,4
37875,578,4
37888,578,4
37900,578,4
37913,578,4
37925,578,4
37938,578,4
37950,578,4
37962,578,4
37976,578,4
37988,578,4
38000,578,4
38012,578,4
38025,578,4
38037,578,4
38050,578,4
38063,578,4
38075,578,4
38087,578,4
38099,578,4
38113,578,4
38125,578,4
38137,578,4
38150,578,4
38162,578,4
38175,578,4
38188,578,4
38200,578,4
38212,578,4
38224,578,4
38237,578,4
38250,578,4
38262,578,4
38275,578,4
38287,578,4
38299,578,4
38312,578,4
38325,578,4
38337,578,4
38349,578,4
38362,578,4
38375,578,4
38387,578,4
38400,578,4
38412,578,4
38424,578,4
38436,578,4
38450,578,4
38462,578,4
38474,578,4
38487,578,4
38499,578,4
38512,578,4
38524,578,4
38537,578,4
38549,578,4
38561,578,4
38575,578,4
38587,578,4
38599,578,4
38611,578,4
38624,578,4
38636,578,4
38649,578,4
38662,578,4
38674,578,4
38686,578,4
38699,578,4
38712,578,4
38724,578,4
38736,578,4
38749,578,4
38761,578,4
38774,578,4
38787,578,4
38799,578,4
38811,578,4
38823,578,4
38836,578,4
38849,578,4
38861,578,4
38874,578,4
38886,578,4
38898,578,4
38912,578,4
38924,578,4
38936,578,4
38948,578,4
38961,578,4
38974,578,4
38986,578,4
38999,578,4
39011,578,4
39023,578,4
39035,578,4
39049,578,4
39061,578,4
39073,578,4
39086,578,4
39098,578,4
39111,578,4
39123,578,4
39136,578,4
39148,578,4
39160,578,4
39174,578,4
39186,578,4
39198,578,4
39211,578,4
39223,578,4
39235,578,4
39248,578,4
39261,578,4
39273,578,4
39285,578,4
39298,578,4
39311,578,4
39323,578,4
39335,578,4
39348,578,4
39360,578,4
39373,578,4
39386,578,4
39398,578,4
39410,578,4
39422,578,4
39435,578,4
39448,578,4
39460,578,4
39473,578,4
39485,578,4
39497,578,4
39511,578,4
39523,578,4
39535,578,4
39547,578,4
39560,578,4
39573,578,4
39585,578,4
39598,578,4
39610,578,4
39622,578,4
39634,578,4
39648,578,4
39660,578,4
39672,578,4
39685,578,4
39697,578,4
39710,578,4
39723,578,4
39735,578,4
39747,578,4
39759,578,4
39773,578,4
39785,578,4
39797,578,4
39810,578,4
39822,578,4
39834,578,4
39847,578,4
39860,578,4
39872,578,4
39884,578,4
39897,578,4
39910,578,4
39922,578,4
39934,578,4
39947,578,4
39959,578,4
39972,578,4
39985,578,4
39997,578,4
40009,578,4
40022,578,4
40034,578,4
40047,578,4
40059,578,4
40072,578,4
40084,578,4
40096,578,4
40110,578,4
40122,578,4
40134,578,4
40146,578,4
40159,578,4
40172,578,4
40184,578,4
40197,578,4
40209,578,4
40221,578,4
40233,578,4
40247,578,4
40259,578,4
40271,578,4
40284,578,4
40296,578,4
40309,578,4
40322,578,4
40334,578,4
40346,578,4
40358,578,4
40372,578,4
40384,578,4
40396,578,4
40409,578,4
40421,578,4
40433,578,4
40446,578,4
40459,578,4
40471,578,4
40483,578,4
40496,578,4
40509,578,4
40521,578,4
40534,578,4
40546,578,4
40558,578,4
40571,578,4
40584,578,4
40596,578,4
40608,578,4
40621,578,4
40633,578,4
40646,578,4
40658,578,4
40671,578,4
40683,578,4
40695,578,4
40709,578,4
40721,578,4
40733,578,4
40745,578,4
40758,578,4
40771,578,4
40783,578,4
40796,578,4
40808,578,4
40820,578,4
40833,578,4
40846,578,4
40858,578,4
40870,578,4
40883,578,4
40895,578,4
40908,578,4
40921,578,4
40933,578,4
40945,578,4
40957,578,4
40971,578,4
40983,578,4
40995,578,4
41008,578,4
41020,578,4
41032,578,4
41046,578,4
41058,578,4
41070,578,4
41082,578,4
41095,578,4
41108,578,4
41120,578,4
41133,578,4
41145,578,4
41157,578,4
41170,578,4
41183,578,4
41195,578,4
41207,578,4
41220,578,4
41232,578,4
41245,578,4
41257,578,4
41270,578,4
41282,578,4
41294,578,4
41308,578,4
41320,578,4
41332,578,4
41345,578,4
41357,578,4
41370,578,4
41382,578,4
41395,578,4
41407,578,4
41419,578,4
41432,578,4
41445,578,4
41457,578,4
41469,578,4
41482,578,4
41494,578,4
41507,578,4
41520,578,4
41532,578,4
41544,578,4
41556,578,4
41570,578,4
41582,578,4
41594,578,4
41607,578,4
41619,578,4
41631,578,4
41645,578,4
41657,578,4
41669,578,4
41681,578,4
41694,578,4
41707,578,4
41719,578,4
41732,578,4
41744,578,4
41756,578,4
41769,578,4
41782,578,4
41794,578,4
41806,578,4
41819,578,4
41831,578,4
41844,578,4
41857,578,4
41869,578,4
41881,578,4
41893,578,4
41907,578,4
41919,578,4
41931,578,4
41944,578,4
41956,578,4
41969,578,4
41981,578,4
41994,578,4
42006,578,4
42018,578,4
42031,578,4
42044,578,4
42056,578,4
42068,578,4
42081,578,4
42093,578,4
42106,578,4
42119,578,4
42131,578,4
42143,578,4
42156,578,4
42169,578,4
42181,578,4
42193,578,4
42206,578,4
42218,578,4
42230,578,4
42244,578,4
42256,578,4
42268,578,4
42280,578,4
42293,578,4
42306,578,4
42318,578,4
42331,578,4
42343,578,4
42355,578,4
42369,578,4
42381,578,4
42393,578,4
42405,578,4
42418,578,4
42430,578,4
42443,578,4
42456,578,4
42468,578,4
42480,578,4
42492,578,4
42506,578,4
42518,578,4
42530,578,4
42543,578,4
42555,578,4
42568,578,4
42580,578,4
42593,578,4
42605,578,4
42617,578,4
42630,578,4
42643,578,4
42655,578,4
42668,578,4
42680,578,4
42692,578,4
42705,578,4
42718,578,4
42730,578,4
42742,578,4
42755,578,4
42768,578,4
42780,578,4
42792,578,4
42805,578,4
42817,578,4
42829,578,4
42843,578,4
42855,578,4
42867,578,4
42880,578,4
42892,578,4
42905,578,4
42917,578,4
42930,578,4
42942,578,4
42954,578,4
42968,578,4
42980,578,4
42992,578,4
43004,578,4
43017,578,4
43029,578,4
43042,578,4
43055,578,4
43067,578,4
43079,578,4
43091,578,4
43105,578,4
43117,578,4
43129,578,4
43142,578,4
43154,578,4
43167,578,4
43180,578,4
43192,578,4
43204,578,4
43216,578,4
43229,578,4
43242,578,4
43254,578,4
43267,578,4
43279,578,4
43291,578,4
43304,578,4
43317,578,4
43329,578,4
43341,578,4
43354,578,4
43367,578,4
43379,578,4
43392,578,4
43404,578,4
43416,578,4
43428,578,4
43442,578,4
43454,578,4
43466,578,4
43479,578,4
43491,578,4
43504,578,4
43516,578,4
43529,578,4
43541,578,4
43553,578,4
43567,578,4
43579,578,4
43591,578,4
43603,578,4
43616,578,4
43628,578,4
43641,578,4
43654,578,4
43666,578,4
43678,578,4
43691,578,4
43704,578,4
43716,578,4
43728,578,4
43741,578,4
43753,578,4
43766,578,4
43779,578,4
43791,578,4
43803,578,4
43815,578,4
43828,578,4
43841,578,4
43853,578,4
43866,578,4
43878,578,4
43890,578,4
43904,578,4
43916,578,4
43928,578,4
43940,578,4
43953,578,4
43966,578,4
43978,578,4
43991,578,4
44003,578,4
44015,578,4
44027,578,4
44041,578,4
44053,578,4
44065,578,4
44078,578,4
44090,578,4
44103,578,4
44115,578,4
44128,578,4
44140,578,4
44152,578,4
44166,578,4
44178,578,4
44190,578,4
44203,578,4
44215,578,4
44227,578,4
44240,578,4
44253,578,4
44265,578,4
44277,578,4
44290,578,4
44303,578,4
44315,578,4
44327,578,4
44340,578,4
44352,578,4
44365,578,4
44378,578,4
44390,578,4
44402,578,4
44414,578,4
44427,578,4
44440,578,4
44452,578,4
44465,578,4
44477,578,4
44489,578,4
44503,578,4
44515,578,4
44527,578,4
44539,578,4
44552,578,4
44565,578,4
44577,578,4
44590,578,4
44602,578,4
44614,578,4
44626,578,4
44640,578,4
44652,578,4
44664,578,4
44677,578,4
44689,578,4
44702,578,4
44715,578,4
44727,578,4
44739,578,4
44751,578,4
44765,578,4
44777,578,4
44789,578,4
44802,578,4
44814,578,4
44826,578,4
44839,578,4
44852,578,4
44864,578,4
44876,578,4
44889,578,4
44902,578,4
44914,578,4
44926,578,4
44939,578,4
44951,578,4
44964,578,4
44977,578,4
44989,578,4
45001,578,4
45014,578,4
45026,578,4
45039,578,4
45051,578,4
45064,578,4
45076,578,4
45088,578,4
45102,578,4
45114,578,4
45126,578,4
45138,578,4
45151,578,4
45164,578,4
45176,578,4
45189,578,4
45201,578,4
45213,578,4
45225,578,4
45239,578,4
45251,578,4
45263,578,4
45276,578,4
45288,578,4
45301,578,4
45314,578,4
45326,578,4
45338,578,4
45350,578,4
45364,578,4
45376,578,4
45388,578,4
45401,578,4
45413,578,4
45425,578,4
45438,578,4
45451,578,4
45463,578,4
45475,578,4
45488,578,4
45501,578,4
45513,578,4
45526,578,4
45538,578,4
45550,578,4
45563,578,4
45576,578,4
45588,578,4
45600,578,4
45613,578,4
45625,578,4
45638,578,4
45650,578,4
45663,578,4
45675,578,4
45687,578,4
45701,578,4
45713,578,4
45725,578,4
45737,578,4
45750,578,4
45763,578,4
45775,578,4
45788,578,4
45800,578,4
45812,578,4
45825,578,4
45838,578,4
45850,578,4
45862,578,4
45875,578,4
45887,578,4
45900,578,4
45913,578,4
45925,578,4
45937,578,4
45949,578,4
45963,578,4
45975,578,4
45987,578,4
46000,578,4
46012,578,4
46024,578,4
46038,578,4
46050,578,4
46062,578,4
46074,578,4
46087,578,4
46100,578,4
46112,578,4
46125,578,4
46137,578,4
46149,578,4
46162,578,4
46175,578,4
46187,578,4
46199,578,4
46212,578,4
46224,578,4
46237,578,4
46249,578,4
46262,578,4
46274,578,4
46286,578,4
46300,578,4
46312,578,4
46324,578,4
46337,578,4
46349,578,4
46362,578,4
46374,578,4
46387,578,4
46399,578,4
46411,578,4
46424,578,4
46437,578,4
46449,578,4
46461,578,4
46474,578,4
46486,578,4
46499,578,4
46512,578,4
46524,578,4
46536,578,4
46548,578,4
46562,578,4
46574,578,4
46586,578,4
46599,578,4
46611,578,4
46623,578,4
46637,578,4
46649,578,4
46661,578,4
46673,578,4
46686,578,4
46699,578,4
46711,578,4
46724,578,4
46736,578,4
46748,578,4
46761,578,4
46774,578,4
46786,578,4
46798,578,4
46811,578,4
46823,578,4
46836,578,4
46849,578,4
46861,578,4
46873,578,4
46885,578,4
46899,578,4
46911,578,4
46923,578,4
46936,578,4
46948,578,4
46961,578,4
46973,578,4
46986,578,4
46998,578,4
47010,578,4
47023,578,4
47036,578,4
47048,578,4
47060,578,4
47073,578,4
47085,578,4
47098,578,4
47111,578,4
47123,578,4
47135,578,4
47148,578,4
47161,578,4
47173,578,4
47185,578,4
47198,578,4
47210,578,4
47222,578,4
47236,578,4
47248,578,4
47260,578,4
47272,578,4
47285,578,4
47298,578,4
47310,578,4
47323,578,4
47335,578,4
47347,578,4
47361,578,4
47373,578,4
47385,578,4
47397,578,4
47410,578,4
47422,578,4
47435,578,4
47448,578,4
47460,578,4
47472,578,4
47484,578,4
47498,578,4
47510,578,4
47522,578,4
47535,578,4
47547,578,4
47560,578,4
47572,578,4
47585,578,4
47597,578,4
47609,578,4
47622,578,4
47635,578,4
47647,578,4
47660,578,4
47672,578,4
47684,578,4
47697,578,4
47710,578,4
47722,578,4
47734,578,4
47747,578,4
47760,578,4
47772,578,4
47784,578,4
47797,578,4
47809,578,4
47821,578,4
47835,578,4
47847,578,4
47859,578,4
47872,578,4
47884,578,4
47897,578,4
47909,578,4
47922,578,4
47934,578,4
47946,578,4
47960,578,4
47972,578,4
47984,578,4
47996,578,4
48009,578,4
48021,578,4
48034,578,4
48047,578,4
48059,578,4
48071,578,4
48083,578,4
48097,578,4
48109,578,4
48121,578,4
48134,578,4
48146,578,4
48159,578,4
48172,578,4
48184,578,4
48196,578,4
48208,578,4
48221,578,4
48234,578,4
48246,578,4
48259,578,4
48271,578,4
48283,578,4
48296,578,4
48309,578,4
48321,578,4
48333,578,4
48346,578,4
48359,578,4
48371,578,4
48384,578,4
48396,578,4
48408,578,4
48420,578,4
48434,578,4
48446,578,4
48458,578,4
48471,578,4
48483,578,4
48496,578,4
48508,578,4
48521,578,4
48533,578,4
48545,578,4
48559,578,4
48571,578,4
48583,578,4
48595,578,4
48608,578,4
48620,578,4
48633,578,4
48646,578,4
48658,578,4
48670,578,4
48683,578,4
48696,578,4
48708,578,4
48720,578,4
48733,578,4
48745,578,4
48758,578,4
48771,578,4
48783,578,4
48795,578,4
48807,578,4
48820,578,4
48833,578,4
48845,578,4
48858,578,4
48870,578,4
48882,578,4
48896,578,4
48908,578,4
48920,578,4
48932,578,4
48945,578,4
48958,578,4
48970,578,4
48983,578,4
48995,578,4
49007,578,4
49019,578,4
49033,578,4
49045,578,4
49057,578,4
49070,578,4
49082,578,4
49095,578,4
49107,578,4
49120,578,4
49132,578,4
49144,578,4
49158,578,4
49170,578,4
49182,578,4
49195,578,4
49207,578,4
49219,578,4
49232,578,4
49245,578,4
49257,578,4
49269,578,4
49282,578,4
49295,578,4
49307,578,4
49319,578,4
49332,578,4
49344,578,4
49357,578,4
49370,578,4
49382,578,4
49394,578,4
49406,578,4
49419,578,4
49432,578,4
49444,578,4
49457,578,4
49469,578,4
49481,578,4
49495,578,4
49507,578,4
49519,578,4
49531,578,4
49544,578,4
49557,578,4
49569,578,4
49582,578,4
49594,578,4
49606,578,4
49618,578,4
49632,578,4
49644,578,4
49656,578,4
49669,578,4
49681,578,4
49694,578,4
49707,578,4
49719,578,4
49731,578,4
49743,578,4
49757,578,4
49769,578,4
49781,578,4
49794,578,4
49806,578,4
49818,578,4
49831,578,4
49844,578,4
49856,578,4
49868,578,4
49881,578,4
49894,578,4
49906,578,4
49918,578,4
49931,578,4
49943,578,4
49956,578,4
49969,578,4
49981,578,4
49993,578,4
50006,578,4
50018,578,4
50031,578,4
50043,578,4
50056,578,4
50068,578,4
50080,578,4
50094,578,4
50106,578,4
50118,578,4
50130,578,4
50143,578,4
50156,578,4
50168,578,4
50181,578,4
50193,578,4
50205,578,4
50217,578,4
50231,578,4
50243,578,4
50255,578,4
50268,578,4
50280,578,4
50293,578,4
50306,578,4
50318,578,4
50330,578,4
50342,578,4
50356,578,4
50368,578,4
50380,578,4
50393,578,4
50405,578,4
50417,578,4
50430,578,4
50443,578,4
50455,578,4
50467,578,4
50480,578,4
50493,578,4
50505,578,4
50518,578,4
50530,578,4
50542,578,4
50555,578,4
50568,578,4
50580,578,4
50592,578,4
50605,578,4
50617,578,4
50630,578,4
50642,578,4
50655,578,4
50667,578,4
50679,578,4
50693,578,4
50705,578,4
50717,578,4
50729,578,4
50742,578,4
50755,578,4
50767,578,4
50780,578,4
50792,578,4
50804,578,4
50817,578,4
50830,578,4
50842,578,4
50854,578,4
50867,578,4
50879,578,4
50892,578,4
50905,578,4
50917,578,4
50929,578,4
50941,578,4
50955,578,4
50967,578,4
50979,578,4
50992,578,4
51004,578,4
51016,578,4
51030,578,4
51042,578,4
51054,578,4
51066,578,4
51079,578,4
51092,578,4
51104,578,4
51117,578,4
51129,578,4
51141,578,4
51154,578,4
51167,578,4
51179,578,4
51191,578,4
51204,578,4
51216,578,4
51229,578,4
51241,578,4
51254,578,4
51266,578,4
51278,578,4
51292,578,4
51304,578,4
51316,578,4
51329,578,4
51341,578,4
51354,578,4
51366,578,4
51379,578,4
51391,578,4
51403,578,4
51416,578,4
51429,578,4
51441,578,4
51453,578,4
51466,578,4
51478,578,4
51491,578,4
51504,578,4
51516,578,4
51528,578,4
51540,578,4
51554,578,4
51566,578,4
51578,578,4
51591,578,4
51603,578,4
51615,578,4
51629,578,4
51641,578,4
51653,578,4
51665,578,4
51678,578,4
51691,578,4
51703,578,4
51716,578,4
51728,578,4
51740,578,4
51753,578,4
51766,578,4
51778,578,4
51790,578,4
51803,578,4
51815,578,4
51828,578,4
51841,578,4
51853,578,4
51865,578,4
51877,578,4
51891,578,4
51903,578,4
51915,578,4
51928,578,4
51940,578,4
51953,578,4
51965,578,4
51978,578,4
51990,578,4
52002,578,4
52015,578,4
52028,578,4
52040,578,4
52052,578,4
52065,578,4
52077,578,4
52090,578,4
52103,578,4
52115,578,4
52127,578,4
52140,578,4
52153,578,4
52165,578,4
52177,578,4
52190,578,4
52202,578,4
52214,578,4
52228,578,4
52240,578,4
52252,578,4
52264,578,4
52277,578,4
52290,578,4
52302,578,4
52315,578,4
52327,578,4
52339,578,4
52353,578,4
52365,578,4
52377,578,4
52389,578,4
52402,578,4
52414,578,4
52427,578,4
52440,578,4
52452,578,4
52464,578,4
52476,578,4
52490,578,4
52502,578,4
52514,578,4
52527,578,4
52539,578,4
52552,578,4
52564,578,4
52577,578,4
52589,578,4
52601,578,4
52614,578,4
52627,578,4
52639,578,4
52652,578,4
52664,578,4
52676,578,4
52689,578,4
52702,578,4
52714,578,4
52726,578,4
52739,578,4
52752,578,4
52764,578,4
52776,578,4
52789,578,4
52801,578,4
52813,578,4
52827,578,4
52839,578,4
52851,578,4
52864,578,4
52876,578,4
52889,578,4
52901,578,4
52914,578,4
52926,578,4
52938,578,4
52952,578,4
52964,578,4
52976,578,4
52988,578,4
53001,578,4
53013,578,4
53026,578,4
53039,578,4
53051,578,4
53063,578,4
53075,578,4
53089,578,4
53101,578,4
53113,578,4
53126,578,4
53138,578,4
53151,578,4
53164,578,4
53176,578,4
53188,578,4
53200,578,4
53213,578,4
53226,578,4
53238,578,4
53251,578,4
53263,578,4
53275,578,4
53288,578,4
53301,578,4
53313,578,4
53325,578,4
53338,578,4
53351,578,4
53363,578,4
53376,578,4
53388,578,4
53400,578,4
53412,578,4
53426,578,4
53438,578,4
53450,578,4
53463,578,4
53475,578,4
53488,578,4
53500,578,4
53513,578,4
53525,578,4
53537,578,4
53551,578,4
53563,578,4
53575,578,4
53587,578,4
53600,578,4
53612,578,4
53625,578,4
53638,578,4
53650,578,4
53662,578,4
53675,578,4
53688,578,4
53700,578,4
53712,578,4
53725,578,4
53737,578,4
53750,578,4
53763,578,4
53775,578,4
53787,578,4
53799,578,4
53812,578,4
53825,578,4
53837,578,4
53850,578,4
53862,578,4
53874,578,4
53888,578,4
53900,578,4
53912,631,26199
53924,578,4
53937,578,4
53950,578,4
53962,578,4
53975,578,4
53987,578,4
53999,578,4
54011,578,4
54025,578,4
54037,578,4
54049,578,4
54062,578,4
54074,578,4
54087,578,4
54099,578,4
54112,578,4
54124,578,4
54136,578,4
54150,578,4
54162,578,4
54174,578,4
54187,578,4
54199,578,4
54211,578,4
54224,578,4
54237,578,4
54249,578,4
54261,578,4
54274,578,4
54287,578,4
54299,578,4
54311,578,4
54324,578,4
54336,578,4
54349,578,4
54362,578,4
54374,578,4
54386,578,4
54398,578,4
54411,578,4
54424,578,4
54436,578,4
54449,578,4
54461,578,4
54473,578,4
54487,578,4
54499,578,4
54511,578,4
54523,578,4
54536,578,4
54549,578,4
54561,578,4
54574,578,4
54586,578,4
54598,578,4
54610,578,4
54624,578,4
54636,578,4
54648,578,4
54661,578,4
54673,578,4
54686,578,4
54699,578,4
54711,578,4
54723,578,4
54735,578,4
54749,578,4
54761,578,4
54773,578,4
54786,578,4
54798,578,4
54810,578,4
54823,578,4
54836,578,4
54848,578,4
54860,578,4
54873,578,4
54886,578,4
54898,578,4
54910,578,4
54923,578,4
54935,578,4
54948,578,4
54961,578,4
54973,578,4
54985,578,4
54998,578,4
55010,578,4
55023,578,4
55035,578,4
55048,578,4
55060,578,4
55072,578,4
55086,578,4
55098,578,4
55110,578,4
55122,578,4
55135,578,4
55148,578,4
55160,578,4
55173,578,4
55185,578,4
55197,578,4
55209,578,4
55223,578,4
55235,578,4
55247,578,4
55260,578,4
55272,578,4
55285,578,4
55298,578,4
55310,578,4
55322,578,4
55334,578,4
55348,578,4
55360,578,4
55372,578,4
55385,578,4
55397,578,4
55409,578,4
55422,578,4
55435,578,4
55447,578,4
55459,578,4
55472,578,4
55485,578,4
55497,578,4
55510,578,4
55522,578,4
55534,578,4
55547,578,4
55560,578,4
55572,578,4
55584,578,4
55597,578,4
55609,578,4
55622,578,4
55634,578,4
55647,578,4
55659,578,4
55671,578,4
55685,578,4
55697,578,4
55709,578,4
55721,578,4
55734,578,4
55747,578,4
55759,578,4
55772,578,4
55784,578,4
55796,578,4
55809,578,4
55822,578,4
55834,578,4
55846,578,4
55859,578,4
55871,578,4
55884,578,4
55897,578,4
55909,578,4
55921,578,4
55933,578,4
55947,578,4
55959,578,4
55971,578,4
55984,578,4
55996,578,4
56008,578,4
56022,578,4
56034,578,4
56046,578,4
56058,578,4
56071,578,4
56084,578,4
56096,578,4
56109,578,4
56121,578,4
56133,578,4
56146,578,4
56159,578,4
56171,578,4
56183,578,4
56196,578,4
56208,578,4
56221,578,4
56233,578,4
56246,578,4
56258,578,4
56270,578,4
56284,578,4
56296,578,4
56308,578,4
56321,578,4
56333,578,4
56346,578,4
56358,578,4
56371,578,4
56383,578,4
56395,578,4
56408,578,4
56421,578,4
56433,578,4
56445,578,4
56458,578,4
56470,578,4
56483,578,4
56496,578,4
56508,578,4
56520,578,4
56532,578,4
56546,578,4
56558,578,4
56570,578,4
56583,578,4
56595,578,4
56607,578,4
56621,578,4
56633,578,4
56645,578,4
56657,578,4
56670,578,4
56683,578,4
56695,578,4
56708,578,4
56720,578,4
56732,578,4
56745,578,4
56758,578,4
56770,578,4
56782,578,4
56795,578,4
56807,578,4
56820,578,4
56833,578,4
56845,578,4
56857,578,4
56869,578,4
56883,578,4
56895,578,4
56907,578,4
56920,578,4
56932,578,4
56945,578,4
56957,578,4
56970,578,4
56982,578,4
56994,578,4
57007,578,4
57020,578,4
57032,578,4
57044,578,4
57057,578,4
57069,578,4
57082,578,4
57095,578,4
57107,578,4
57119,578,4
57132,578,4
57145,578,4
57157,578,4
57169,578,4
57182,578,4
57194,578,4
57206,578,4
57220,578,4
57232,578,4
57244,578,4
57256,578,4
57269,578,4
57282,578,4
57294,578,4
57307,578,4
57319,578,4
57331,578,4
57345,578,4
57357,578,4
57369,578,4
57381,578,4
57394,578,4
57406,578,4
57419,578,4
57432,578,4
57444,578,4
57456,578,4
57468,578,4
57482,578,4
57494,578,4
57506,578,4
57519,578,4
57531,578,4
57544,578,4
57556,578,4
57569,578,4
57581,578,4
57593,578,4
57606,578,4
57619,578,4
57631,578,4
57644,578,4
57656,578,4
57668,578,4
57681,578,4
57694,578,4
57706,578,4
57718,578,4
57731,578,4
57744,578,4
57756,578,4
57768,578,4
57781,578,4
57793,578,4
57805,578,4
57819,578,4
57831,578,4
57843,578,4
57856,578,4
57868,578,4
57881,578,4
57893,578,4
57906,578,4
57918,578,4
57930,578,4
57944,578,4
57956,578,4
57968,578,4
57980,578,4
57993,578,4
58005,578,4
58018,578,4
58031,578,4
58043,578,4
58055,578,4
58067,578,4
58081,578,4
58093,578,4
58105,578,4
58118,578,4
58130,578,4
58143,578,4
58156,578,4
58168,578,4
58180,578,4
58192,578,4
58205,578,4
58218,578,4
58230,578,4
58243,578,4
